1280 x 720
wsviewport: [0.0,0.13007812500000002,0.0,0.09755859375]
wswindow  : [0.0,1.0,0.0,0.75]
window    : [1.0,407.5,-10.0,300.0]
1049 x 600
wsviewport: [0.0,0.13007812500000002,0.0,0.09755859375]
wswindow  : [0.0,1.0,0.0,0.75]
window    : [1.0,408.63,-12.0,300.0]